
 -*-*-*-*-*-*-*-*-*-*-*-*-*-*-*-*-*-*-*-*-*-*-*-*-*-*-*-*-*-*-*-  
 -*-*-*-*-*-*-*-*-*- Parsing input argument -*-*-*-*-*-*-*-*-*-  
 -*-*-*-*-*-*-*-*-*-*-*-*-*-*-*-*-*-*-*-*-*-*-*-*-*-*-*-*-*-*-*-  
 * Directory Name: pA_integrated_integrated
   ** Data file 1st: /afs/cern.ch/work/k/kyolee/private/CMSSW_8_0_0/src/2Dfitting/rooDataSet/outRoo_Data_Pbp_newcut_v1/outRoo_Data_Pbp_newcut_v1.root
   ** Data file 2nd: /afs/cern.ch/work/k/kyolee/private/CMSSW_8_0_0/src/2Dfitting/rooDataSet/outRoo_Data_Pbp_newcut_v2/outRoo_Data_Pbp_newcut_v2.root
   ** Data file 3rd: /afs/cern.ch/work/k/kyolee/private/CMSSW_8_0_0/src/2Dfitting/rooDataSet/outRoo_Data_pPbFlip_newcut/outRoo_Data_pPbFlip_newcut.root
 * Three rooData files used: Pbp_v1 + Pbp_v2 + pPbFlip (for whole pA)
   ** Prompt MC file: /afs/cern.ch/work/k/kyolee/private/CMSSW_8_0_0/src/2Dfitting/rooDataSet/outRoo_PRMC_Pbp_newcut_off8M/outRoo_PRMC_Pbp_newcut_off8M.root
   ** Non-prompt MC file: /afs/cern.ch/work/k/kyolee/private/CMSSW_8_0_0/src/2Dfitting/rooDataSet/outRoo_NPMC_Pbp_newcut_off8M/outRoo_NPMC_Pbp_newcut_off8M.root
   ** Prompt MC file 2nd: /afs/cern.ch/work/k/kyolee/private/CMSSW_8_0_0/src/2Dfitting/rooDataSet/outRoo_PRMC_pPbFlip_newcut_off8M/outRoo_PRMC_pPbFlip_newcut_off8M.root
   ** Non-prompt MC file 2nd: /afs/cern.ch/work/k/kyolee/private/CMSSW_8_0_0/src/2Dfitting/rooDataSet/outRoo_NPMC_pPbFlip_newcut_off8M/outRoo_NPMC_pPbFlip_newcut_off8M.root
 * Two rooData MC files used: Pbp + pPbFlip (for whole pA)
 * (Zvtx) Weighting MC: 1
 * beam info (0:pp, 1:Pbp, 2:pPb, 3:pAMerged): 3
 * event-activity (0:nothing, 1:Ntrk, 2:ET) : 0
 * systematic String: integrated
  ** Mass signal: G1CB1Sig
  ** Mass background: expBkg
 * ctau error range from text(1) or not(0): 0
  ** ctau error range input file: /afs/cern.ch/work/k/kyolee/private/CMSSW_8_0_0/src/2Dfitting/integrated/outCtErr/fit_ctauErrorRange_pA_8rap9pt_newcut.txt
  ** p_{T} range: 0.0-30.0 (GeV)
  ** Use absolute Y: 1
  ** y_{lab} range: 0.00-2.40
  ** l_{J/#psi} range: 1.5-3.0 (mm)
  ** Ntracks range : 0.0-350.0
  ** E_{T}^{HF} range : 0.0-120.0 (GeV)
 -*-*-*-*-*-*-*-*-*-*-*-*-*-*-*-*-*-*-*-*-*-*-*-*-*-*-*-*-*-*-*-  

* Convert y_lab = 0 < y_lab < 2.4
* to y_CM = -2.87 < y_CM < -0.47
/afs/cern.ch/work/k/kyolee/private/CMSSW_8_0_0/src/2Dfitting/rooDataSet/outRoo_PRMC_Pbp_newcut_off8M/outRoo_PRMC_Pbp_newcut_off8M.root
## WEIGHTED PRMC is used
## NOTICE : 2nd PRMC to be merged 
/afs/cern.ch/work/k/kyolee/private/CMSSW_8_0_0/src/2Dfitting/rooDataSet/outRoo_PRMC_pPbFlip_newcut_off8M/outRoo_PRMC_pPbFlip_newcut_off8M.root
/afs/cern.ch/work/k/kyolee/private/CMSSW_8_0_0/src/2Dfitting/rooDataSet/outRoo_NPMC_Pbp_newcut_off8M/outRoo_NPMC_Pbp_newcut_off8M.root
## WEIGHTED NPMC is used
## NOTICE : 2nd NPMC to be merged 
/afs/cern.ch/work/k/kyolee/private/CMSSW_8_0_0/src/2Dfitting/rooDataSet/outRoo_NPMC_pPbFlip_newcut_off8M/outRoo_NPMC_pPbFlip_newcut_off8M.root
/afs/cern.ch/work/k/kyolee/private/CMSSW_8_0_0/src/2Dfitting/rooDataSet/outRoo_Data_Pbp_newcut_v1/outRoo_Data_Pbp_newcut_v1.root
## UN-WEIGHTED dataset is used!
## NOTICE : 2nd data to be merged 
/afs/cern.ch/work/k/kyolee/private/CMSSW_8_0_0/src/2Dfitting/rooDataSet/outRoo_Data_Pbp_newcut_v2/outRoo_Data_Pbp_newcut_v2.root
## NOTICE : 3rd data to be merged 
/afs/cern.ch/work/k/kyolee/private/CMSSW_8_0_0/src/2Dfitting/rooDataSet/outRoo_Data_pPbFlip_newcut/outRoo_Data_pPbFlip_newcut.root
[#1] INFO:ObjectHandling -- RooWorkspace::import(ctauerrorcheckWS) importing dataset data
[#1] INFO:ObjectHandling -- RooWorkspace::import(ctauerrorcheckWS) importing RooRealVar::Jpsi_Mass
[#1] INFO:ObjectHandling -- RooWorkspace::import(ctauerrorcheckWS) importing RooRealVar::Jpsi_Pt
[#1] INFO:ObjectHandling -- RooWorkspace::import(ctauerrorcheckWS) importing RooRealVar::Jpsi_Y
[#1] INFO:ObjectHandling -- RooWorkspace::import(ctauerrorcheckWS) importing RooRealVar::Jpsi_Zvtx
[#1] INFO:ObjectHandling -- RooWorkspace::import(ctauerrorcheckWS) importing RooRealVar::Jpsi_Ct
[#1] INFO:ObjectHandling -- RooWorkspace::import(ctauerrorcheckWS) importing RooRealVar::Jpsi_CtErr
[#1] INFO:ObjectHandling -- RooWorkspace::import(ctauerrorcheckWS) importing RooRealVar::Ntracks
[#1] INFO:ObjectHandling -- RooWorkspace::import(ctauerrorcheckWS) importing RooRealVar::SumET_HFEta4
 -*-*-*-*-*-*-*-*-*-*-*-*-*- getCtErrRange -*-*-*-*-*-*-*-*-*-*-*-*-*-*-*-*-*-  
 *** DATA :: N events to fit (woCtErrRange) : 334641
   INFO: In dommap (/build/cmsbuild/auto-builds/CMSSW_8_0_0-slc6_amd64_gcc493/build/CMSSW_8_0_0-build/BUILD/slc6_amd64_gcc493/lcg/root/6.06.00-ikhhed4/root-6.06.00/roofit/roofitcore/src/BidirMMapPipe.cxx, line 422): anonymous mmapping works, excellent!
[#1] INFO:Eval -- RooAbsTestStatistic::initMPMode: started 8 remote server process.
 **********
 **   13 **MIGRAD        4500           1
 **********
 FIRST CALL TO USER FUNCTION AT NEW START POINT, WITH IFLAG=4.
 START MIGRAD MINIMIZATION.  STRATEGY  1.  CONVERGENCE WHEN EDM .LT. 1.00e-03
 FCN=-4.05146e+06 FROM MIGRAD    STATUS=INITIATE       32 CALLS          33 TOTAL
                     EDM= unknown      STRATEGY= 1      NO ERROR MATRIX       
  EXT PARAMETER               CURRENT GUESS       STEP         FIRST   
  NO.   NAME      VALUE            ERROR          SIZE      DERIVATIVE 
   1  NBkg         1.27692e+05   4.99999e+04   2.33503e-01  -1.02265e+05
   2  NSig         2.06949e+05   constant   
   3  alpha        1.90000e+00   1.60000e-01   2.03041e-01  -9.14411e+02
   4  coefExp     -1.00000e+00   4.00000e-01   2.01358e-01  -2.40578e+04
   5  enne         2.50000e+00   3.00000e-01   2.01358e-01  -6.24657e+02
   6  fracG1       5.00000e-01   7.80000e-02   2.01358e-01  -4.49676e+02
   7  meanSig      3.09750e+00   1.00000e-02   2.01624e-01   2.24815e+04
   8  sigmaSig1    3.00000e-02   6.70000e-03   2.15282e-01  -5.07555e+03
   9  sigmaSig2    3.00000e-02   7.42000e-03   2.06370e-01  -3.67139e+03
                               ERR DEF= 0.5
 MIGRAD MINIMIZATION HAS CONVERGED.
 MIGRAD WILL VERIFY CONVERGENCE AND ERROR MATRIX.
 COVARIANCE MATRIX CALCULATED SUCCESSFULLY
 FCN=-4.07748e+06 FROM MIGRAD    STATUS=CONVERGED     492 CALLS         493 TOTAL
                     EDM=8.55854e-05    STRATEGY= 1      ERROR MATRIX ACCURATE 
  EXT PARAMETER                                   STEP         FIRST   
  NO.   NAME      VALUE            ERROR          SIZE      DERIVATIVE 
   1  NBkg         2.13961e+05   5.27369e+02   2.92033e-03   5.05108e-01
   2  NSig         2.06949e+05   constant   
   3  alpha        2.80000e+00   1.96422e-02   3.08507e-01** at limit **
   4  coefExp      6.90768e-02   8.37857e-03   6.89290e-03   1.04096e+00
   5  enne         4.00000e+00   1.99704e-01   5.00000e-01** at limit **
   6  fracG1       8.90000e-01   6.86551e-03   2.60320e-01** at limit **
   7  meanSig      3.09102e+00   1.21159e-04   3.42483e-03  -1.07682e-01
   8  sigmaSig1    2.81095e-02   1.17564e-04   4.66527e-03  -4.38872e-02
   9  sigmaSig2    2.79615e-02   5.79887e-04   1.99337e-02  -4.44013e-01
                               ERR DEF= 0.5
 EXTERNAL ERROR MATRIX.    NDIM=  25    NPAR=  8    ERR DEF=0.5
  2.781e+05  3.165e-06  1.540e-01  1.022e-05  2.141e-05  6.380e-04 -9.152e-03 -9.537e-03 
  3.165e-06  4.850e-10  1.075e-10 -8.338e-11 -5.159e-11  4.383e-12  1.412e-11 -2.169e-10 
  1.540e-01  1.075e-10  7.020e-05  2.786e-10  2.184e-10 -6.630e-08 -1.879e-08 -1.990e-08 
  1.022e-05 -8.338e-11  2.786e-10  9.613e-09 -1.561e-10  5.180e-12  4.039e-12 -2.045e-10 
  2.141e-05 -5.159e-11  2.184e-10 -1.561e-10  1.748e-09  7.016e-12  3.051e-10 -2.201e-09 
  6.380e-04  4.383e-12 -6.630e-08  5.180e-12  7.016e-12  1.468e-08 -4.562e-10 -5.141e-10 
 -9.152e-03  1.412e-11 -1.879e-08  4.039e-12  3.051e-10 -4.562e-10  1.382e-08 -3.113e-08 
 -9.537e-03 -2.169e-10 -1.990e-08 -2.045e-10 -2.201e-09 -5.141e-10 -3.113e-08  3.363e-07 
 PARAMETER  CORRELATION COEFFICIENTS  
       NO.  GLOBAL      1      3      4      5      6      7      8      9
        1  0.18715   1.000  0.000  0.035  0.000  0.001  0.010 -0.148 -0.031
        3  0.07288   0.000  1.000  0.001 -0.039 -0.056  0.002  0.005 -0.017
        4  0.07709   0.035  0.001  1.000  0.000  0.001 -0.065 -0.019 -0.004
        5  0.05640   0.000 -0.039  0.000  1.000 -0.038  0.000  0.000 -0.004
        6  0.11725   0.001 -0.056  0.001 -0.038  1.000  0.001  0.062 -0.091
        7  0.07782   0.010  0.002 -0.065  0.000  0.001  1.000 -0.032 -0.007
        8  0.48640  -0.148  0.005 -0.019  0.000  0.062 -0.032  1.000 -0.457
        9  0.47238  -0.031 -0.017 -0.004 -0.004 -0.091 -0.007 -0.457  1.000
 **********
 **   18 **HESSE        4500
 **********
 FIRST CALL TO USER FUNCTION AT NEW START POINT, WITH IFLAG=4.
 MINUIT WARNING IN HESse     
 ============== VARIABLE3 IS AT ITS UPPER ALLOWED LIMIT.
 MINUIT WARNING IN HESse     
 ============== VARIABLE5 IS AT ITS UPPER ALLOWED LIMIT.
 COVARIANCE MATRIX CALCULATED SUCCESSFULLY
 FCN=-4.07748e+06 FROM HESSE     STATUS=OK             61 CALLS         555 TOTAL
                     EDM=0.000177368    STRATEGY= 1      ERROR MATRIX ACCURATE 
  EXT PARAMETER                                INTERNAL      INTERNAL  
  NO.   NAME      VALUE            ERROR       STEP SIZE       VALUE   
   1  NBkg         2.13961e+05   5.27527e+02   1.16813e-04  -1.44662e-01
   2  NSig         2.06949e+05   constant   
   3  alpha        2.80000e+00   2.03919e-02   1.23403e-02   1.56884e+00
   4  coefExp      6.90768e-02   8.37884e-03   2.75716e-04   5.63961e-01
   5  enne         4.00000e+00   2.07831e-01   2.00000e-02   1.56884e+00
   6  fracG1       8.90000e-01   6.73604e-03   5.20640e-02   1.57023e+00
                                 WARNING -   - ABOVE PARAMETER IS AT LIMIT.
   7  meanSig      3.09102e+00   1.21173e-04   1.36993e-04  -1.80593e-01
   8  sigmaSig1    2.81095e-02   1.17872e-04   1.86611e-04  -4.11206e-01
   9  sigmaSig2    2.79615e-02   5.79829e-04   7.97348e-04  -2.71196e-01
                               ERR DEF= 0.5
 EXTERNAL ERROR MATRIX.    NDIM=  25    NPAR=  8    ERR DEF=0.5
  2.783e+05  1.725e-06  1.566e-01  6.457e-06  1.672e-06  6.201e-04 -9.276e-03 -9.174e-03 
  1.725e-06  1.250e-07  5.023e-11 -1.906e-11 -4.584e-12  1.996e-12  1.083e-11 -1.289e-10 
  1.566e-01  5.023e-11  7.021e-05  1.610e-10  4.052e-11 -6.648e-08 -1.926e-08 -1.884e-08 
  6.457e-06 -1.906e-11  1.610e-10  2.435e-06 -1.640e-11  3.442e-12  1.979e-11 -2.453e-10 
  1.672e-06 -4.584e-12  4.052e-11 -1.640e-11  1.715e-09  1.318e-12  9.809e-12 -6.408e-12 
  6.201e-04  1.996e-12 -6.648e-08  3.442e-12  1.318e-12  1.468e-08 -4.801e-10 -5.835e-10 
 -9.276e-03  1.083e-11 -1.926e-08  1.979e-11  9.809e-12 -4.801e-10  1.389e-08 -3.150e-08 
 -9.174e-03 -1.289e-10 -1.884e-08 -2.453e-10 -6.408e-12 -5.835e-10 -3.150e-08  3.362e-07 
 PARAMETER  CORRELATION COEFFICIENTS  
       NO.  GLOBAL      1      3      4      5      6      7      8      9
        1  0.18868   1.000  0.000  0.035  0.000  0.000  0.010 -0.149 -0.030
        3  0.00071   0.000  1.000  0.000 -0.000 -0.000  0.000  0.000 -0.001
        4  0.07759   0.035  0.000  1.000  0.000  0.000 -0.065 -0.019 -0.004
        5  0.00037   0.000 -0.000  0.000  1.000 -0.000  0.000  0.000 -0.000
        6  0.00226   0.000 -0.000  0.000 -0.000  1.000  0.000  0.002 -0.000
        7  0.07932   0.010  0.000 -0.065  0.000  0.000  1.000 -0.034 -0.008
        8  0.49049  -0.149  0.000 -0.019  0.000  0.002 -0.034  1.000 -0.461
        9  0.47225  -0.030 -0.001 -0.004 -0.000 -0.000 -0.008 -0.461  1.000
[#1] INFO:Fitting -- RooAbsPdf::fitTo(MassPDF) Calculating sum-of-weights-squared correction matrix for covariance matrix
 **********
 **   23 **HESSE        4500
 **********
 FIRST CALL TO USER FUNCTION AT NEW START POINT, WITH IFLAG=4.
 COVARIANCE MATRIX CALCULATED SUCCESSFULLY
 FCN=-4.07748e+06 FROM HESSE     STATUS=OK             61 CALLS         617 TOTAL
                     EDM=0.000177538    STRATEGY= 1      ERROR MATRIX ACCURATE 
  EXT PARAMETER                                INTERNAL      INTERNAL  
  NO.   NAME      VALUE            ERROR       STEP SIZE       VALUE   
   1  NBkg         2.13961e+05   5.27535e+02   2.33626e-05  -1.44662e-01
   2  NSig         2.06949e+05   constant   
   3  alpha        2.80000e+00   2.03933e-02   2.46805e-03   1.56884e+00
   4  coefExp      6.90768e-02   8.37885e-03   5.51432e-05   5.63961e-01
   5  enne         4.00000e+00   2.07847e-01   4.00000e-03   1.56884e+00
   6  fracG1       8.90000e-01   6.73460e-03   1.04128e-02   1.57023e+00
                                 WARNING -   - ABOVE PARAMETER IS AT LIMIT.
   7  meanSig      3.09102e+00   1.21173e-04   2.73987e-05  -1.80593e-01
   8  sigmaSig1    2.81095e-02   1.17889e-04   3.73222e-05  -4.11206e-01
   9  sigmaSig2    2.79615e-02   5.79892e-04   1.59470e-04  -2.71196e-01
                               ERR DEF= 0.5
 EXTERNAL ERROR MATRIX.    NDIM=  25    NPAR=  8    ERR DEF=0.5
  2.783e+05 -3.416e-08  1.567e-01 -5.392e-06  2.896e-07  6.195e-04 -9.280e-03 -9.160e-03 
 -3.416e-08  1.250e-07 -1.171e-11  1.778e-16  1.230e-13 -1.971e-13 -1.919e-12  2.183e-11 
  1.567e-01 -1.171e-11  7.021e-05  6.355e-11  7.119e-12 -6.648e-08 -1.928e-08 -1.879e-08 
 -5.392e-06  1.778e-16  6.355e-11  2.436e-06 -7.146e-14  9.245e-13  7.392e-13  3.140e-12 
  2.896e-07  1.230e-13  7.119e-12 -7.146e-14  1.714e-09  2.388e-13  1.478e-12  1.395e-12 
  6.195e-04 -1.971e-13 -6.648e-08  9.245e-13  2.388e-13  1.468e-08 -4.810e-10 -5.851e-10 
 -9.280e-03 -1.919e-12 -1.928e-08  7.392e-13  1.478e-12 -4.810e-10  1.390e-08 -3.152e-08 
 -9.160e-03  2.183e-11 -1.879e-08  3.140e-12  1.395e-12 -5.851e-10 -3.152e-08  3.363e-07 
 PARAMETER  CORRELATION COEFFICIENTS  
       NO.  GLOBAL      1      3      4      5      6      7      8      9
        1  0.18874   1.000 -0.000  0.035 -0.000  0.000  0.010 -0.149 -0.030
        3  0.00011  -0.000  1.000 -0.000  0.000  0.000 -0.000 -0.000  0.000
        4  0.07761   0.035 -0.000  1.000  0.000  0.000 -0.065 -0.020 -0.004
        5  0.00001  -0.000  0.000  0.000  1.000 -0.000  0.000  0.000  0.000
        6  0.00039   0.000  0.000  0.000 -0.000  1.000  0.000  0.000  0.000
        7  0.07936   0.010 -0.000 -0.065  0.000  0.000  1.000 -0.034 -0.008
        8  0.49072  -0.149 -0.000 -0.020  0.000  0.000 -0.034  1.000 -0.461
        9  0.47247  -0.030  0.000 -0.004  0.000  0.000 -0.008 -0.461  1.000
[#0] ERROR:Fitting -- RooAbsPdf::fitTo(MassPDF) ERROR: Cannot apply sum-of-weights correction to covariance matrix: correction matrix calculated with weight-squared is singular
Info in <TCanvas::Print>: pdf file pA_integrated_integrated_rap0.00-2.40_pT0.0-30.0_ntrk0.0-350.0_ET0.0-120.0_CtErrGetRange_Log.pdf has been created
reduceDS: Jpsi_Pt>=0.00 && Jpsi_Pt<30.00 && TMath::Abs(Jpsi_Y)>=0.00 && TMath::Abs(Jpsi_Y)<2.40 && Jpsi_Ct>=-1.50 && Jpsi_Ct<3.00 && Jpsi_CtErr>=0.008 && Jpsi_CtErr<0.640
reduceDSMC: Jpsi_Pt>=0.00 && Jpsi_Pt<30.00 && TMath::Abs(Jpsi_Y)>=0.00 && TMath::Abs(Jpsi_Y)<2.40 && Jpsi_Ct>=-1.50 && Jpsi_Ct<3.00 && Jpsi_CtErr>=0.008 && Jpsi_CtErr<0.640
[#1] INFO:ObjectHandling -- RooWorkspace::import(workspace) importing dataset dataPRMC
[#1] INFO:ObjectHandling -- RooWorkspace::import(workspace) importing RooRealVar::Jpsi_Mass
[#1] INFO:ObjectHandling -- RooWorkspace::import(workspace) importing RooRealVar::Jpsi_Pt
[#1] INFO:ObjectHandling -- RooWorkspace::import(workspace) importing RooRealVar::Jpsi_Y
[#1] INFO:ObjectHandling -- RooWorkspace::import(workspace) importing RooRealVar::Jpsi_CtTrue
[#1] INFO:ObjectHandling -- RooWorkspace::import(workspace) importing RooRealVar::Jpsi_Ct
[#1] INFO:ObjectHandling -- RooWorkspace::import(workspace) importing RooRealVar::Jpsi_CtErr
[#1] INFO:ObjectHandling -- RooWorkspace::import(workspace) importing RooRealVar::Ntracks
[#1] INFO:ObjectHandling -- RooWorkspace::import(workspace) importing RooRealVar::SumET_HFEta4
[#1] INFO:ObjectHandling -- RooWorkspace::import(workspace) importing dataset dataNPMC
[#1] INFO:ObjectHandling -- RooWorkspace::import(workspace) importing dataset data
[#1] INFO:ObjectHandling -- RooWorkspace::import(workspace) importing RooRealVar::Jpsi_Zvtx
[#1] INFO:Eval -- RooRealVar::setRange(Jpsi_Ct) new range named 'promptMCfit' created with bounds [-1.5,2.56]
 *** DATA :: N events to fit: 332857
 *** PRMC :: N events to fit: 1.235e+06
 *** NPMC :: N events to fit: 2.95045e+06
34.6 nb^{-1} (pPb 5.02 TeV)
Info in <TCanvas::Print>: pdf file pA_integrated_integrated_rap0.00-2.40_pT0.0-30.0_ntrk0.0-350.0_ET0.0-120.0_CtSBRL_Lin.pdf has been created
Info in <TCanvas::Print>: pdf file pA_integrated_integrated_rap0.00-2.40_pT0.0-30.0_ntrk0.0-350.0_ET0.0-120.0_CtSBRL_Log.pdf has been created
 
 -*-*-*-*-*-*-*-*-*-*-*-*-*- !!!!!FITTING!!!!! *-*-*-*-*-*-*-*-*-*-*-*-*-*-*-  
[#1] INFO:Eval -- RooAbsTestStatistic::initMPMode: started 8 remote server process.
 **********
 **   13 **MIGRAD        1000           1
 **********
 FIRST CALL TO USER FUNCTION AT NEW START POINT, WITH IFLAG=4.
 START MIGRAD MINIMIZATION.  STRATEGY  1.  CONVERGENCE WHEN EDM .LT. 1.00e-03
 FCN=56763.6 FROM MIGRAD    STATUS=INITIATE       51 CALLS          52 TOTAL
                     EDM= unknown      STRATEGY= 1      NO ERROR MATRIX       
  EXT PARAMETER               CURRENT GUESS       STEP         FIRST   
  NO.   NAME      VALUE            ERROR          SIZE      DERIVATIVE 
   1  coefExpNPTrue   3.99998e-01   4.00000e-02  -1.02490e-05   1.37844e+06
   2  sigmaNPTrue   1.53871e-06   2.99000e-06   0.00000e+00   1.04682e+07
                               ERR DEF= 0.5
 MINUIT WARNING IN MIGRAD  
 ============== Negative diagonal element 1 in Error Matrix
 MINUIT WARNING IN MIGRAD  
 ============== Negative diagonal element 2 in Error Matrix
 MINUIT WARNING IN MIGRAD  
 ============== 1 added to diagonal of error matrix
 MIGRAD FAILS TO FIND IMPROVEMENT
 MINUIT WARNING IN HESSE   
 ============== Negative diagonal element 2 in Error Matrix
 MINUIT WARNING IN HESSE   
 ============== 78.6877 added to diagonal of error matrix
 COVARIANCE MATRIX CALCULATED SUCCESSFULLY
 FCN=49627.2 FROM HESSE     STATUS=OK             10 CALLS          93 TOTAL
                     EDM=1035.29    STRATEGY= 1      ERROR MATRIX ACCURATE 
  EXT PARAMETER                                   STEP         FIRST   
  NO.   NAME      VALUE            ERROR          SIZE      DERIVATIVE 
   1  coefExpNPTrue   3.79675e-01   2.31712e-04   5.28637e-03  -3.33564e+04
   2  sigmaNPTrue   2.83411e-05   1.51888e-05   3.91964e-02  -2.75483e+01
                               ERR DEF= 0.5
 MIGRAD FAILS TO FIND IMPROVEMENT
 MIGRAD TERMINATED WITHOUT CONVERGENCE.
 FCN=48587.7 FROM MIGRAD    STATUS=FAILED        116 CALLS         117 TOTAL
                     EDM=2.23839e+07    STRATEGY= 1  ERROR MATRIX UNCERTAINTY 100.0 per cent
  EXT PARAMETER                APPROXIMATE        STEP         FIRST   
  NO.   NAME      VALUE            ERROR          SIZE      DERIVATIVE 
   1  coefExpNPTrue   3.66237e-01   2.22736e-04  -0.00000e+00  -4.57244e+04
   2  sigmaNPTrue   2.36934e-07   1.45047e-07  -0.00000e+00   6.57031e+03
                               ERR DEF= 0.5
 EXTERNAL ERROR MATRIX.    NDIM=  25    NPAR=  2    ERR DEF=0.5
  4.961e-08  5.081e-12 
  5.081e-12  2.108e-14 
ERR MATRIX APPROXIMATE
 PARAMETER  CORRELATION COEFFICIENTS  
       NO.  GLOBAL      1      2
        1  0.15714   1.000  0.157
        2  0.15714   0.157  1.000
 ERR MATRIX APPROXIMATE
 **********
 **   18 **HESSE        1000
 **********
 COVARIANCE MATRIX CALCULATED SUCCESSFULLY
 FCN=48587.7 FROM HESSE     STATUS=OK             14 CALLS         131 TOTAL
                     EDM=5862.42    STRATEGY= 1      ERROR MATRIX ACCURATE 
  EXT PARAMETER                                INTERNAL      INTERNAL  
  NO.   NAME      VALUE            ERROR       STEP SIZE       VALUE   
   1  coefExpNPTrue   3.66237e-01   4.64009e-05   5.28634e-03  -1.10862e+04
   2  sigmaNPTrue   2.36934e-07   3.20280e-09   3.91802e-02  -8.21669e+04
                               ERR DEF= 0.5
 EXTERNAL ERROR MATRIX.    NDIM=  25    NPAR=  2    ERR DEF=0.5
  2.153e-09  1.020e-13 
  1.020e-13  1.026e-17 
 PARAMETER  CORRELATION COEFFICIENTS  
       NO.  GLOBAL      1      2
        1  0.68646   1.000  0.686
        2  0.68646   0.686  1.000
[#1] INFO:Fitting -- RooAbsPdf::fitTo(CtNPTrue) Calculating sum-of-weights-squared correction matrix for covariance matrix
 **********
 **   23 **HESSE        1000
 **********
 COVARIANCE MATRIX CALCULATED SUCCESSFULLY
 FCN=68533.8 FROM HESSE     STATUS=OK             18 CALLS         149 TOTAL
                     EDM=7837.26    STRATEGY= 1      ERROR MATRIX ACCURATE 
  EXT PARAMETER                                INTERNAL      INTERNAL  
  NO.   NAME      VALUE            ERROR       STEP SIZE       VALUE   
   1  coefExpNPTrue   3.66237e-01   4.00584e-05   5.28634e-03  -1.10862e+04
   2  sigmaNPTrue   2.36934e-07   2.76528e-09   3.91802e-02  -8.21669e+04
                               ERR DEF= 0.5
 EXTERNAL ERROR MATRIX.    NDIM=  25    NPAR=  2    ERR DEF=0.5
  1.605e-09  7.581e-14 
  7.581e-14  7.647e-18 
 PARAMETER  CORRELATION COEFFICIENTS  
       NO.  GLOBAL      1      2
        1  0.68438   1.000  0.684
        2  0.68438   0.684  1.000
Info in <TCanvas::Print>: pdf file pA_integrated_integrated_rap0.00-2.40_pT0.0-30.0_ntrk0.0-350.0_ET0.0-120.0_CtNPTrue_Lin.pdf has been created
Info in <TCanvas::Print>: pdf file pA_integrated_integrated_rap0.00-2.40_pT0.0-30.0_ntrk0.0-350.0_ET0.0-120.0_CtNPTrue_Log.pdf has been created
[#1] INFO:ObjectHandling -- RooWorkspace::import(workspace) importing RooFormulaVar::sigmaNPResW
[#1] INFO:ObjectHandling -- RooWorkspace::import(workspace) importing RooFormulaVar::sigmaNPResN
Info in <TCanvas::Print>: pdf file pA_integrated_integrated_rap0.00-2.40_pT0.0-30.0_ntrk0.0-350.0_ET0.0-120.0_CtNPReco_Lin.pdf has been created
Info in <TCanvas::Print>: pdf file pA_integrated_integrated_rap0.00-2.40_pT0.0-30.0_ntrk0.0-350.0_ET0.0-120.0_CtNPReco_Log.pdf has been created
[#1] INFO:ObjectHandling -- RooWorkSpace::import(workspace) Recycling existing object NSig created with identical factory specification
[#1] INFO:ObjectHandling -- RooWorkSpace::import(workspace) Recycling existing object NBkg created with identical factory specification
[#1] INFO:ObjectHandling -- RooWorkSpace::import(workspace) Recycling existing object MassPDF created with identical factory specification
[#1] INFO:Eval -- RooAbsTestStatistic::initMPMode: started 8 remote server process.
 **********
 **   13 **MIGRAD        4000           1
 **********
 FIRST CALL TO USER FUNCTION AT NEW START POINT, WITH IFLAG=4.
 START MIGRAD MINIMIZATION.  STRATEGY  1.  CONVERGENCE WHEN EDM .LT. 1.00e-03
 FCN=-4.12025e+06 FROM MIGRAD    STATUS=INITIATE       36 CALLS          37 TOTAL
                     EDM= unknown      STRATEGY= 1      NO ERROR MATRIX       
  EXT PARAMETER               CURRENT GUESS       STEP         FIRST   
  NO.   NAME      VALUE            ERROR          SIZE      DERIVATIVE 
   1  NBkg         1.36610e+05   6.83046e+04   2.70925e-02   1.76657e+04
   2  NSig         2.06247e+05   1.03123e+05   1.07273e-01   4.37509e+04
   3  alpha        1.30000e+00   3.00000e-02   1.30610e-01   1.41825e+03
   4  coefExp     -1.00000e+00   4.00000e-01   2.01358e-01  -1.56296e+04
   5  fracG1       5.00000e-01   1.60000e-02   2.01358e-01   5.41971e+02
   6  meanSig      3.09750e+00   1.00000e-02   2.01624e-01   2.44543e+04
   7  sigmaSig1    3.00000e-02   6.70000e-03   2.15282e-01  -2.96340e+04
   8  sigmaSig2    3.00000e-02   7.42000e-03   2.06370e-01  -2.33485e+04
                               ERR DEF= 0.5
 MIGRAD FAILS TO FIND IMPROVEMENT
 MACHINE ACCURACY LIMITS FURTHER IMPROVEMENT.
 MIGRAD MINIMIZATION HAS CONVERGED.
 MIGRAD WILL VERIFY CONVERGENCE AND ERROR MATRIX.
 COVARIANCE MATRIX CALCULATED SUCCESSFULLY
 FCN=-4.13262e+06 FROM HESSE     STATUS=OK             73 CALLS         587 TOTAL
                     EDM=0.000980802    STRATEGY= 1      ERROR MATRIX ACCURATE 
  EXT PARAMETER                                   STEP         FIRST   
  NO.   NAME      VALUE            ERROR          SIZE      DERIVATIVE 
   1  NBkg         1.22427e+05   5.05329e+02   2.28661e-04   3.26862e+01
   2  NSig         2.10434e+05   5.86255e+02   6.92551e-04   1.13003e+01
   3  alpha        1.35519e+00   3.31840e-02   5.90208e-02  -9.12896e-02
   4  coefExp     -2.05450e-01   1.27919e-02   8.60383e-03  -3.11998e+00
   5  fracG1       5.80000e-01   4.17811e-03   3.30767e-01** at limit **
   6  meanSig      3.09191e+00   1.54392e-04   3.10402e-03   8.79460e+00
   7  sigmaSig1    5.07278e-02   3.30042e-04   7.94571e-03  -1.21211e+00
   8  sigmaSig2    2.76693e-02   2.65176e-04   6.72760e-03  -1.15053e+00
                               ERR DEF= 0.5
 MINUIT WARNING IN MIGRAD  
 ============== Negative diagonal element 3 in Error Matrix
 MINUIT WARNING IN MIGRAD  
 ============== Negative diagonal element 5 in Error Matrix
 MINUIT WARNING IN MIGRAD  
 ============== 1.06449 added to diagonal of error matrix
 MIGRAD FAILS TO FIND IMPROVEMENT
 MIGRAD TERMINATED WITHOUT CONVERGENCE.
 FCN=-4.13262e+06 FROM MIGRAD    STATUS=FAILED        677 CALLS         678 TOTAL
                     EDM=1.84552    STRATEGY= 1  ERROR MATRIX UNCERTAINTY  29.2 per cent
  EXT PARAMETER                APPROXIMATE        STEP         FIRST   
  NO.   NAME      VALUE            ERROR          SIZE      DERIVATIVE 
   1  NBkg         1.22430e+05   1.30879e+05  -0.00000e+00  -4.79933e+00
   2  NSig         2.10427e+05   5.49633e+05   0.00000e+00  -6.17748e-01
   3  alpha        1.35585e+00   2.12872e-01  -0.00000e+00   7.37329e-01
   4  coefExp     -2.05344e-01   1.21739e+00   0.00000e+00  -5.38434e-01
   5  fracG1       5.80000e-01   1.91724e-02  -0.00000e+00   2.95010e-02
   6  meanSig      3.09191e+00   3.03333e-02   0.00000e+00   2.26322e-01
   7  sigmaSig1    5.07324e-02   1.97938e-02   0.00000e+00  -1.05439e+00
   8  sigmaSig2    2.76729e-02   2.08429e-02   0.00000e+00  -1.09125e+00
                               ERR DEF= 0.5
 EXTERNAL ERROR MATRIX.    NDIM=  25    NPAR=  8    ERR DEF=0.5
  1.715e+10 -7.586e+10  1.682e+03 -1.021e+04 -4.141e-01  1.245e+03 -1.132e+03 -1.339e+03 
 -7.586e+10  3.383e+11 -5.011e+03  6.441e+04  5.250e-01 -6.663e+03  4.342e+03  5.928e+03 
  1.682e+03 -5.011e+03  5.424e-02  1.769e-03 -3.058e-07 -1.733e-04  1.113e-04  1.525e-04 
 -1.021e+04  6.441e+04  1.769e-03  1.772e+00  4.831e-08  2.207e-03 -1.440e-03 -1.965e-03 
 -4.141e-01  5.250e-01 -3.058e-07  4.831e-08  3.449e-09  1.718e-08 -1.591e-08 -1.915e-08 
  1.245e+03 -6.663e+03 -1.733e-04  2.207e-03  1.718e-08  1.067e-03  1.493e-04  2.036e-04 
 -1.132e+03  4.342e+03  1.113e-04 -1.440e-03 -1.591e-08  1.493e-04  4.544e-04 -1.331e-04 
 -1.339e+03  5.928e+03  1.525e-04 -1.965e-03 -1.915e-08  2.036e-04 -1.331e-04  4.955e-04 
ERR MATRIX APPROXIMATE
 PARAMETER  CORRELATION COEFFICIENTS  
       NO.  GLOBAL      1      2      3      4      5      6      7      8
        1  1.00000   1.000 -0.996  0.055 -0.059 -0.054  0.291 -0.405 -0.459
        2  1.00000  -0.996  1.000 -0.037  0.083  0.015 -0.351  0.350  0.458
        3  0.99722   0.055 -0.037  1.000  0.006 -0.022 -0.023  0.022  0.029
        4  0.99920  -0.059  0.083  0.006  1.000  0.001  0.051 -0.051 -0.066
        5  0.99752  -0.054  0.015 -0.022  0.001  1.000  0.009 -0.013 -0.015
        6  0.99993   0.291 -0.351 -0.023  0.051  0.009  1.000  0.214  0.280
        7  0.99994  -0.405  0.350  0.022 -0.051 -0.013  0.214  1.000 -0.280
        8  0.99995  -0.459  0.458  0.029 -0.066 -0.015  0.280 -0.280  1.000
 ERR MATRIX APPROXIMATE
 **********
 **   18 **HESSE        4000
 **********
 COVARIANCE MATRIX CALCULATED SUCCESSFULLY
 FCN=-4.13262e+06 FROM HESSE     STATUS=OK             77 CALLS         755 TOTAL
                     EDM=2.19375e-05    STRATEGY= 1      ERROR MATRIX ACCURATE 
  EXT PARAMETER                                INTERNAL      INTERNAL  
  NO.   NAME      VALUE            ERROR       STEP SIZE       VALUE   
   1  NBkg         1.22430e+05   5.05131e+02   2.28658e-04  -1.47179e+00
   2  NSig         2.10427e+05   5.86077e+02   6.92547e-04  -1.15757e+00
   3  alpha        1.35585e+00   3.33703e-02   5.89680e-02  -8.76191e-01
   4  coefExp     -2.05344e-01   1.27877e-02   8.60433e-03   4.08603e-01
   5  fracG1       5.80000e-01   4.26906e-03   3.63112e-01  -4.71135e+00
   6  meanSig      3.09191e+00   1.54415e-04   3.10415e-03  -1.62522e-01
   7  sigmaSig1    5.07324e-02   3.35302e-04   7.94693e-03   2.79207e-01
   8  sigmaSig2    2.76729e-02   2.72484e-04   6.72746e-03  -2.79278e-01
                               ERR DEF= 0.5
 EXTERNAL ERROR MATRIX.    NDIM=  25    NPAR=  8    ERR DEF=0.5
  2.552e+05 -1.328e+05  7.903e+00 -1.152e+00 -3.837e-04 -2.605e-02  1.959e-02  2.483e-02 
 -1.328e+05  3.435e+05 -7.924e+00  1.156e+00  3.846e-04  2.612e-02 -1.969e-02 -2.490e-02 
  7.903e+00 -7.924e+00  1.118e-03 -1.909e-04  2.403e-07 -3.583e-06  7.738e-06  4.828e-06 
 -1.152e+00  1.156e+00 -1.909e-04  1.635e-04 -7.955e-09  5.191e-07 -1.521e-06 -4.853e-07 
 -3.837e-04  3.846e-04  2.403e-07 -7.955e-09  7.431e-10 -4.869e-10  3.806e-09  3.895e-09 
 -2.605e-02  2.612e-02 -3.583e-06  5.191e-07 -4.869e-10  2.384e-08 -2.224e-08 -1.765e-08 
  1.959e-02 -1.969e-02  7.738e-06 -1.521e-06  3.806e-09 -2.224e-08  1.124e-07  1.891e-08 
  2.483e-02 -2.490e-02  4.828e-06 -4.853e-07  3.895e-09 -1.765e-08  1.891e-08  7.425e-08 
 PARAMETER  CORRELATION COEFFICIENTS  
       NO.  GLOBAL      1      2      3      4      5      6      7      8
        1  0.60417   1.000 -0.449  0.468 -0.178 -0.028 -0.334  0.116  0.180
        2  0.53465  -0.449  1.000 -0.404  0.154  0.024  0.289 -0.100 -0.156
        3  0.91558   0.468 -0.404  1.000 -0.446  0.264 -0.694  0.690  0.530
        4  0.47549  -0.178  0.154 -0.446  1.000 -0.023  0.263 -0.355 -0.139
        5  0.70749  -0.028  0.024  0.264 -0.023  1.000 -0.116  0.416  0.524
        6  0.70763  -0.334  0.289 -0.694  0.263 -0.116  1.000 -0.430 -0.419
        7  0.83929   0.116 -0.100  0.690 -0.355  0.416 -0.430  1.000  0.207
        8  0.77884   0.180 -0.156  0.530 -0.139  0.524 -0.419  0.207  1.000
[#1] INFO:Fitting -- RooAbsPdf::fitTo(MassPDF) Calculating sum-of-weights-squared correction matrix for covariance matrix
 **********
 **   23 **HESSE        4000
 **********
 COVARIANCE MATRIX CALCULATED SUCCESSFULLY
 FCN=-4.13262e+06 FROM HESSE     STATUS=OK             67 CALLS         822 TOTAL
                     EDM=1.8872e-05    STRATEGY= 1      ERROR MATRIX ACCURATE 
  EXT PARAMETER                                INTERNAL      INTERNAL  
  NO.   NAME      VALUE            ERROR       STEP SIZE       VALUE   
   1  NBkg         1.22430e+05   4.93423e+02   9.14634e-06  -1.47179e+00
   2  NSig         2.10427e+05   5.75739e+02   2.77019e-05  -1.15757e+00
   3  alpha        1.35585e+00   3.16814e-02   2.35872e-03  -8.76191e-01
   4  coefExp     -2.05344e-01   1.25303e-02   3.44173e-04   4.08603e-01
   5  fracG1       5.80000e-01   4.21733e-03   5.00000e-01  -4.71135e+00
   6  meanSig      3.09191e+00   1.48088e-04   1.24166e-04  -1.62522e-01
   7  sigmaSig1    5.07324e-02   3.40960e-04   3.17877e-04   2.79207e-01
   8  sigmaSig2    2.76729e-02   3.04504e-04   2.69098e-04  -2.79278e-01
                               ERR DEF= 0.5
 EXTERNAL ERROR MATRIX.    NDIM=  25    NPAR=  8    ERR DEF=0.5
  2.435e+05 -1.210e+05  6.317e+00 -8.574e-01 -6.332e-04 -2.063e-02  7.108e-03  1.736e-02 
 -1.210e+05  3.315e+05 -6.318e+00  8.575e-01  6.332e-04  2.064e-02 -7.111e-03 -1.736e-02 
  6.317e+00 -6.318e+00  1.007e-03 -1.578e-04  3.104e-07 -3.093e-06  7.374e-06  5.318e-06 
 -8.574e-01  8.575e-01 -1.578e-04  1.570e-04 -5.738e-09  4.004e-07 -1.295e-06 -3.710e-07 
 -6.332e-04  6.332e-04  3.104e-07 -5.738e-09  7.340e-10 -6.159e-10  4.770e-09  5.463e-09 
 -2.063e-02  2.064e-02 -3.093e-06  4.004e-07 -6.159e-10  2.193e-08 -1.964e-08 -1.772e-08 
  7.108e-03 -7.111e-03  7.374e-06 -1.295e-06  4.770e-09 -1.964e-08  1.163e-07  3.032e-08 
  1.736e-02 -1.736e-02  5.318e-06 -3.710e-07  5.463e-09 -1.772e-08  3.032e-08  9.272e-08 
 PARAMETER  CORRELATION COEFFICIENTS  
       NO.  GLOBAL      1      2      3      4      5      6      7      8
        1  0.57839   1.000 -0.426  0.403 -0.139 -0.047 -0.282  0.042  0.116
        2  0.50987  -0.426  1.000 -0.346  0.119  0.041  0.242 -0.036 -0.099
        3  0.90605   0.403 -0.346  1.000 -0.397  0.361 -0.658  0.681  0.550
        4  0.44045  -0.139  0.119 -0.397  1.000 -0.017  0.216 -0.303 -0.097
        5  0.80913  -0.047  0.041  0.361 -0.017  1.000 -0.153  0.516  0.662
        6  0.67614  -0.282  0.242 -0.658  0.216 -0.153  1.000 -0.389 -0.393
        7  0.84506   0.042 -0.036  0.681 -0.303  0.516 -0.389  1.000  0.292
        8  0.82764   0.116 -0.099  0.550 -0.097  0.662 -0.393  0.292  1.000

  RooFitResult: minimized FCN value: -4.13262e+06, estimated distance to minimum: 1.8872e-05
                covariance matrix quality: Unknown, matrix was externally provided
                Status : MIGRAD=4 HESSE=0 HESSE=0 

    Constant Parameter    Value     
  --------------------  ------------
                  enne    2.1000e+00

    Floating Parameter  InitialValue    FinalValue +/-  Error     GblCorr.
  --------------------  ------------  --------------------------  --------
                  NBkg    1.3661e+05    1.2243e+05 +/-  5.19e+02  <none>
                  NSig    2.0625e+05    2.1043e+05 +/-  5.99e+02  <none>
                 alpha    1.3000e+00    1.3558e+00 +/-  3.55e-02  <none>
               coefExp   -1.0000e+00   -2.0534e-01 +/-  1.31e-02  <none>
                fracG1    5.0000e-01    5.8000e-01 +/-  4.62e-03  <none>
               meanSig    3.0975e+00    3.0919e+00 +/-  1.62e-04  <none>
             sigmaSig1    3.0000e-02    5.0732e-02 +/-  3.36e-04  <none>
             sigmaSig2    3.0000e-02    2.7673e-02 +/-  2.49e-04  <none>

Info in <TCanvas::Print>: pdf file pA_integrated_integrated_rap0.00-2.40_pT0.0-30.0_ntrk0.0-350.0_ET0.0-120.0_massfitIncl_wopull.pdf has been created
